{
 "cells": [
  {
   "cell_type": "code",
   "execution_count": 107,
   "metadata": {},
   "outputs": [],
   "source": [
    "import numpy as np\n",
    "import pandas as pd\n",
    "import matplotlib.pyplot as plt\n",
    "import seaborn as sns\n",
    "\n",
    "npf = pd.read_csv(\"data/npf_train.csv\")\n",
    "\n",
    "\n",
    "npf = npf.set_index(\"date\")\n",
    "\n",
    "## Tell that \"class4\" is categorical variable. (R does this automatically.)\n",
    "npf[\"class4\"] = npf[\"class4\"].astype(\"category\")\n",
    "\n",
    "npf = npf.drop([\"id\",\"partlybad\"],axis=1)\n",
    "corr = npf.corr(method='pearson')"
   ]
  },
  {
   "cell_type": "code",
   "execution_count": 115,
   "metadata": {},
   "outputs": [
    {
     "data": {
      "text/plain": [
       "CO2168.mean    0.993856\n",
       "CO2336.mean    0.992314\n",
       "CO242.mean     0.990206\n",
       "CO2504.mean    0.990206\n",
       "dtype: float64"
      ]
     },
     "execution_count": 115,
     "metadata": {},
     "output_type": "execute_result"
    }
   ],
   "source": [
    "CO2_corr =corr.loc[corr.index.str.startswith(('CO2'))&corr.index.str.endswith(('mean')),\\\n",
    "    corr.columns.str.startswith(('CO2'))&corr.columns.str.endswith(('mean'))]\n",
    "\n",
    "CO2_corr.min()"
   ]
  },
  {
   "cell_type": "code",
   "execution_count": 115,
   "metadata": {},
   "outputs": [
    {
     "name": "stdout",
     "output_type": "stream",
     "text": [
      "Glob.mean     0.889549\n",
      "Glob.std      0.878465\n",
      "NET.mean      0.862826\n",
      "NET.std       0.875488\n",
      "PAR.mean      0.891190\n",
      "PAR.std       0.877748\n",
      "RGlob.mean    0.823908\n",
      "RGlob.std     0.864610\n",
      "RPAR.mean     0.533093\n",
      "RPAR.std      0.582974\n",
      "UV_A.mean     0.892127\n",
      "UV_A.std      0.871365\n",
      "UV_B.mean     0.845817\n",
      "UV_B.std      0.829682\n",
      "dtype: float64\n",
      "Glob.mean     0.514343\n",
      "Glob.std      0.400904\n",
      "NET.mean      0.416726\n",
      "NET.std       0.393535\n",
      "PAR.mean      0.491168\n",
      "PAR.std       0.388654\n",
      "RGlob.mean    0.700910\n",
      "RGlob.std     0.685103\n",
      "RPAR.mean     0.273008\n",
      "RPAR.std      0.351968\n",
      "UV_A.mean     0.460565\n",
      "UV_A.std      0.366201\n",
      "UV_B.mean     0.327449\n",
      "UV_B.std      0.273008\n",
      "dtype: float64\n"
     ]
    },
    {
     "data": {
      "text/html": [
       "<div>\n",
       "<style scoped>\n",
       "    .dataframe tbody tr th:only-of-type {\n",
       "        vertical-align: middle;\n",
       "    }\n",
       "\n",
       "    .dataframe tbody tr th {\n",
       "        vertical-align: top;\n",
       "    }\n",
       "\n",
       "    .dataframe thead th {\n",
       "        text-align: right;\n",
       "    }\n",
       "</style>\n",
       "<table border=\"1\" class=\"dataframe\">\n",
       "  <thead>\n",
       "    <tr style=\"text-align: right;\">\n",
       "      <th></th>\n",
       "      <th>Glob.mean</th>\n",
       "      <th>Glob.std</th>\n",
       "      <th>NET.mean</th>\n",
       "      <th>NET.std</th>\n",
       "      <th>PAR.mean</th>\n",
       "      <th>PAR.std</th>\n",
       "      <th>RGlob.mean</th>\n",
       "      <th>RGlob.std</th>\n",
       "      <th>RPAR.mean</th>\n",
       "      <th>RPAR.std</th>\n",
       "      <th>UV_A.mean</th>\n",
       "      <th>UV_A.std</th>\n",
       "      <th>UV_B.mean</th>\n",
       "      <th>UV_B.std</th>\n",
       "    </tr>\n",
       "  </thead>\n",
       "  <tbody>\n",
       "    <tr>\n",
       "      <th>Glob.mean</th>\n",
       "      <td>1.000000</td>\n",
       "      <td>0.959899</td>\n",
       "      <td>0.963074</td>\n",
       "      <td>0.960679</td>\n",
       "      <td>0.995727</td>\n",
       "      <td>0.956051</td>\n",
       "      <td>0.893730</td>\n",
       "      <td>0.900659</td>\n",
       "      <td>0.514343</td>\n",
       "      <td>0.542591</td>\n",
       "      <td>0.986167</td>\n",
       "      <td>0.946880</td>\n",
       "      <td>0.931324</td>\n",
       "      <td>0.902556</td>\n",
       "    </tr>\n",
       "    <tr>\n",
       "      <th>Glob.std</th>\n",
       "      <td>0.959899</td>\n",
       "      <td>1.000000</td>\n",
       "      <td>0.939035</td>\n",
       "      <td>0.982190</td>\n",
       "      <td>0.963969</td>\n",
       "      <td>0.997470</td>\n",
       "      <td>0.804073</td>\n",
       "      <td>0.912518</td>\n",
       "      <td>0.400904</td>\n",
       "      <td>0.488802</td>\n",
       "      <td>0.976294</td>\n",
       "      <td>0.989021</td>\n",
       "      <td>0.940441</td>\n",
       "      <td>0.943893</td>\n",
       "    </tr>\n",
       "    <tr>\n",
       "      <th>NET.mean</th>\n",
       "      <td>0.963074</td>\n",
       "      <td>0.939035</td>\n",
       "      <td>1.000000</td>\n",
       "      <td>0.961132</td>\n",
       "      <td>0.970876</td>\n",
       "      <td>0.942614</td>\n",
       "      <td>0.812037</td>\n",
       "      <td>0.840342</td>\n",
       "      <td>0.416726</td>\n",
       "      <td>0.459971</td>\n",
       "      <td>0.970911</td>\n",
       "      <td>0.945531</td>\n",
       "      <td>0.939337</td>\n",
       "      <td>0.917976</td>\n",
       "    </tr>\n",
       "    <tr>\n",
       "      <th>NET.std</th>\n",
       "      <td>0.960679</td>\n",
       "      <td>0.982190</td>\n",
       "      <td>0.961132</td>\n",
       "      <td>1.000000</td>\n",
       "      <td>0.968532</td>\n",
       "      <td>0.983783</td>\n",
       "      <td>0.807380</td>\n",
       "      <td>0.891189</td>\n",
       "      <td>0.393535</td>\n",
       "      <td>0.467774</td>\n",
       "      <td>0.976735</td>\n",
       "      <td>0.978493</td>\n",
       "      <td>0.944818</td>\n",
       "      <td>0.940590</td>\n",
       "    </tr>\n",
       "    <tr>\n",
       "      <th>PAR.mean</th>\n",
       "      <td>0.995727</td>\n",
       "      <td>0.963969</td>\n",
       "      <td>0.970876</td>\n",
       "      <td>0.968532</td>\n",
       "      <td>1.000000</td>\n",
       "      <td>0.964986</td>\n",
       "      <td>0.877762</td>\n",
       "      <td>0.894648</td>\n",
       "      <td>0.491168</td>\n",
       "      <td>0.526215</td>\n",
       "      <td>0.993144</td>\n",
       "      <td>0.957917</td>\n",
       "      <td>0.949334</td>\n",
       "      <td>0.922380</td>\n",
       "    </tr>\n",
       "    <tr>\n",
       "      <th>PAR.std</th>\n",
       "      <td>0.956051</td>\n",
       "      <td>0.997470</td>\n",
       "      <td>0.942614</td>\n",
       "      <td>0.983783</td>\n",
       "      <td>0.964986</td>\n",
       "      <td>1.000000</td>\n",
       "      <td>0.793740</td>\n",
       "      <td>0.905299</td>\n",
       "      <td>0.388654</td>\n",
       "      <td>0.479185</td>\n",
       "      <td>0.978532</td>\n",
       "      <td>0.993213</td>\n",
       "      <td>0.950363</td>\n",
       "      <td>0.954578</td>\n",
       "    </tr>\n",
       "    <tr>\n",
       "      <th>RGlob.mean</th>\n",
       "      <td>0.893730</td>\n",
       "      <td>0.804073</td>\n",
       "      <td>0.812037</td>\n",
       "      <td>0.807380</td>\n",
       "      <td>0.877762</td>\n",
       "      <td>0.793740</td>\n",
       "      <td>1.000000</td>\n",
       "      <td>0.914672</td>\n",
       "      <td>0.788450</td>\n",
       "      <td>0.769705</td>\n",
       "      <td>0.850098</td>\n",
       "      <td>0.773379</td>\n",
       "      <td>0.748780</td>\n",
       "      <td>0.700910</td>\n",
       "    </tr>\n",
       "    <tr>\n",
       "      <th>RGlob.std</th>\n",
       "      <td>0.900659</td>\n",
       "      <td>0.912518</td>\n",
       "      <td>0.840342</td>\n",
       "      <td>0.891189</td>\n",
       "      <td>0.894648</td>\n",
       "      <td>0.905299</td>\n",
       "      <td>0.914672</td>\n",
       "      <td>1.000000</td>\n",
       "      <td>0.685103</td>\n",
       "      <td>0.765534</td>\n",
       "      <td>0.896755</td>\n",
       "      <td>0.883875</td>\n",
       "      <td>0.812102</td>\n",
       "      <td>0.801841</td>\n",
       "    </tr>\n",
       "    <tr>\n",
       "      <th>RPAR.mean</th>\n",
       "      <td>0.514343</td>\n",
       "      <td>0.400904</td>\n",
       "      <td>0.416726</td>\n",
       "      <td>0.393535</td>\n",
       "      <td>0.491168</td>\n",
       "      <td>0.388654</td>\n",
       "      <td>0.788450</td>\n",
       "      <td>0.685103</td>\n",
       "      <td>1.000000</td>\n",
       "      <td>0.957197</td>\n",
       "      <td>0.460565</td>\n",
       "      <td>0.366201</td>\n",
       "      <td>0.327449</td>\n",
       "      <td>0.273008</td>\n",
       "    </tr>\n",
       "    <tr>\n",
       "      <th>RPAR.std</th>\n",
       "      <td>0.542591</td>\n",
       "      <td>0.488802</td>\n",
       "      <td>0.459971</td>\n",
       "      <td>0.467774</td>\n",
       "      <td>0.526215</td>\n",
       "      <td>0.479185</td>\n",
       "      <td>0.769705</td>\n",
       "      <td>0.765534</td>\n",
       "      <td>0.957197</td>\n",
       "      <td>1.000000</td>\n",
       "      <td>0.512559</td>\n",
       "      <td>0.455317</td>\n",
       "      <td>0.384823</td>\n",
       "      <td>0.351968</td>\n",
       "    </tr>\n",
       "    <tr>\n",
       "      <th>UV_A.mean</th>\n",
       "      <td>0.986167</td>\n",
       "      <td>0.976294</td>\n",
       "      <td>0.970911</td>\n",
       "      <td>0.976735</td>\n",
       "      <td>0.993144</td>\n",
       "      <td>0.978532</td>\n",
       "      <td>0.850098</td>\n",
       "      <td>0.896755</td>\n",
       "      <td>0.460565</td>\n",
       "      <td>0.512559</td>\n",
       "      <td>1.000000</td>\n",
       "      <td>0.979265</td>\n",
       "      <td>0.962875</td>\n",
       "      <td>0.945881</td>\n",
       "    </tr>\n",
       "    <tr>\n",
       "      <th>UV_A.std</th>\n",
       "      <td>0.946880</td>\n",
       "      <td>0.989021</td>\n",
       "      <td>0.945531</td>\n",
       "      <td>0.978493</td>\n",
       "      <td>0.957917</td>\n",
       "      <td>0.993213</td>\n",
       "      <td>0.773379</td>\n",
       "      <td>0.883875</td>\n",
       "      <td>0.366201</td>\n",
       "      <td>0.455317</td>\n",
       "      <td>0.979265</td>\n",
       "      <td>1.000000</td>\n",
       "      <td>0.959919</td>\n",
       "      <td>0.970096</td>\n",
       "    </tr>\n",
       "    <tr>\n",
       "      <th>UV_B.mean</th>\n",
       "      <td>0.931324</td>\n",
       "      <td>0.940441</td>\n",
       "      <td>0.939337</td>\n",
       "      <td>0.944818</td>\n",
       "      <td>0.949334</td>\n",
       "      <td>0.950363</td>\n",
       "      <td>0.748780</td>\n",
       "      <td>0.812102</td>\n",
       "      <td>0.327449</td>\n",
       "      <td>0.384823</td>\n",
       "      <td>0.962875</td>\n",
       "      <td>0.959919</td>\n",
       "      <td>1.000000</td>\n",
       "      <td>0.989872</td>\n",
       "    </tr>\n",
       "    <tr>\n",
       "      <th>UV_B.std</th>\n",
       "      <td>0.902556</td>\n",
       "      <td>0.943893</td>\n",
       "      <td>0.917976</td>\n",
       "      <td>0.940590</td>\n",
       "      <td>0.922380</td>\n",
       "      <td>0.954578</td>\n",
       "      <td>0.700910</td>\n",
       "      <td>0.801841</td>\n",
       "      <td>0.273008</td>\n",
       "      <td>0.351968</td>\n",
       "      <td>0.945881</td>\n",
       "      <td>0.970096</td>\n",
       "      <td>0.989872</td>\n",
       "      <td>1.000000</td>\n",
       "    </tr>\n",
       "  </tbody>\n",
       "</table>\n",
       "</div>"
      ],
      "text/plain": [
       "            Glob.mean  Glob.std  NET.mean   NET.std  PAR.mean   PAR.std  \\\n",
       "Glob.mean    1.000000  0.959899  0.963074  0.960679  0.995727  0.956051   \n",
       "Glob.std     0.959899  1.000000  0.939035  0.982190  0.963969  0.997470   \n",
       "NET.mean     0.963074  0.939035  1.000000  0.961132  0.970876  0.942614   \n",
       "NET.std      0.960679  0.982190  0.961132  1.000000  0.968532  0.983783   \n",
       "PAR.mean     0.995727  0.963969  0.970876  0.968532  1.000000  0.964986   \n",
       "PAR.std      0.956051  0.997470  0.942614  0.983783  0.964986  1.000000   \n",
       "RGlob.mean   0.893730  0.804073  0.812037  0.807380  0.877762  0.793740   \n",
       "RGlob.std    0.900659  0.912518  0.840342  0.891189  0.894648  0.905299   \n",
       "RPAR.mean    0.514343  0.400904  0.416726  0.393535  0.491168  0.388654   \n",
       "RPAR.std     0.542591  0.488802  0.459971  0.467774  0.526215  0.479185   \n",
       "UV_A.mean    0.986167  0.976294  0.970911  0.976735  0.993144  0.978532   \n",
       "UV_A.std     0.946880  0.989021  0.945531  0.978493  0.957917  0.993213   \n",
       "UV_B.mean    0.931324  0.940441  0.939337  0.944818  0.949334  0.950363   \n",
       "UV_B.std     0.902556  0.943893  0.917976  0.940590  0.922380  0.954578   \n",
       "\n",
       "            RGlob.mean  RGlob.std  RPAR.mean  RPAR.std  UV_A.mean  UV_A.std  \\\n",
       "Glob.mean     0.893730   0.900659   0.514343  0.542591   0.986167  0.946880   \n",
       "Glob.std      0.804073   0.912518   0.400904  0.488802   0.976294  0.989021   \n",
       "NET.mean      0.812037   0.840342   0.416726  0.459971   0.970911  0.945531   \n",
       "NET.std       0.807380   0.891189   0.393535  0.467774   0.976735  0.978493   \n",
       "PAR.mean      0.877762   0.894648   0.491168  0.526215   0.993144  0.957917   \n",
       "PAR.std       0.793740   0.905299   0.388654  0.479185   0.978532  0.993213   \n",
       "RGlob.mean    1.000000   0.914672   0.788450  0.769705   0.850098  0.773379   \n",
       "RGlob.std     0.914672   1.000000   0.685103  0.765534   0.896755  0.883875   \n",
       "RPAR.mean     0.788450   0.685103   1.000000  0.957197   0.460565  0.366201   \n",
       "RPAR.std      0.769705   0.765534   0.957197  1.000000   0.512559  0.455317   \n",
       "UV_A.mean     0.850098   0.896755   0.460565  0.512559   1.000000  0.979265   \n",
       "UV_A.std      0.773379   0.883875   0.366201  0.455317   0.979265  1.000000   \n",
       "UV_B.mean     0.748780   0.812102   0.327449  0.384823   0.962875  0.959919   \n",
       "UV_B.std      0.700910   0.801841   0.273008  0.351968   0.945881  0.970096   \n",
       "\n",
       "            UV_B.mean  UV_B.std  \n",
       "Glob.mean    0.931324  0.902556  \n",
       "Glob.std     0.940441  0.943893  \n",
       "NET.mean     0.939337  0.917976  \n",
       "NET.std      0.944818  0.940590  \n",
       "PAR.mean     0.949334  0.922380  \n",
       "PAR.std      0.950363  0.954578  \n",
       "RGlob.mean   0.748780  0.700910  \n",
       "RGlob.std    0.812102  0.801841  \n",
       "RPAR.mean    0.327449  0.273008  \n",
       "RPAR.std     0.384823  0.351968  \n",
       "UV_A.mean    0.962875  0.945881  \n",
       "UV_A.std     0.959919  0.970096  \n",
       "UV_B.mean    1.000000  0.989872  \n",
       "UV_B.std     0.989872  1.000000  "
      ]
     },
     "execution_count": 115,
     "metadata": {},
     "output_type": "execute_result"
    }
   ],
   "source": [
    "radiation_corr = corr.loc[corr.index.str.startswith(('Glob','NET','PAR','RGlob','RPAR','UV')),\\\n",
    "    corr.columns.str.startswith(('Glob','NET','PAR','RGlob','RPAR','UV'))]\n",
    "\n",
    "print(radiation_corr.mean(axis=1))\n",
    "print(radiation_corr.min(axis=1))\n",
    "radiation_corr"
   ]
  },
  {
   "cell_type": "code",
   "execution_count": 103,
   "metadata": {},
   "outputs": [
    {
     "data": {
      "text/html": [
       "<div>\n",
       "<style scoped>\n",
       "    .dataframe tbody tr th:only-of-type {\n",
       "        vertical-align: middle;\n",
       "    }\n",
       "\n",
       "    .dataframe tbody tr th {\n",
       "        vertical-align: top;\n",
       "    }\n",
       "\n",
       "    .dataframe thead th {\n",
       "        text-align: right;\n",
       "    }\n",
       "</style>\n",
       "<table border=\"1\" class=\"dataframe\">\n",
       "  <thead>\n",
       "    <tr style=\"text-align: right;\">\n",
       "      <th></th>\n",
       "      <th>H2O168.mean</th>\n",
       "      <th>H2O168.std</th>\n",
       "      <th>H2O336.mean</th>\n",
       "      <th>H2O336.std</th>\n",
       "      <th>H2O42.mean</th>\n",
       "      <th>H2O42.std</th>\n",
       "      <th>H2O504.mean</th>\n",
       "      <th>H2O504.std</th>\n",
       "      <th>H2O672.mean</th>\n",
       "      <th>H2O672.std</th>\n",
       "      <th>H2O84.mean</th>\n",
       "      <th>H2O84.std</th>\n",
       "    </tr>\n",
       "  </thead>\n",
       "  <tbody>\n",
       "    <tr>\n",
       "      <th>H2O168.mean</th>\n",
       "      <td>1.000000</td>\n",
       "      <td>0.603663</td>\n",
       "      <td>0.999905</td>\n",
       "      <td>0.599050</td>\n",
       "      <td>0.999691</td>\n",
       "      <td>0.615604</td>\n",
       "      <td>0.999744</td>\n",
       "      <td>0.596400</td>\n",
       "      <td>0.999528</td>\n",
       "      <td>0.598783</td>\n",
       "      <td>0.999895</td>\n",
       "      <td>0.610026</td>\n",
       "    </tr>\n",
       "    <tr>\n",
       "      <th>H2O168.std</th>\n",
       "      <td>0.603663</td>\n",
       "      <td>1.000000</td>\n",
       "      <td>0.601079</td>\n",
       "      <td>0.996585</td>\n",
       "      <td>0.608362</td>\n",
       "      <td>0.992376</td>\n",
       "      <td>0.599011</td>\n",
       "      <td>0.991031</td>\n",
       "      <td>0.596905</td>\n",
       "      <td>0.984338</td>\n",
       "      <td>0.606261</td>\n",
       "      <td>0.996883</td>\n",
       "    </tr>\n",
       "    <tr>\n",
       "      <th>H2O336.mean</th>\n",
       "      <td>0.999905</td>\n",
       "      <td>0.601079</td>\n",
       "      <td>1.000000</td>\n",
       "      <td>0.596615</td>\n",
       "      <td>0.999356</td>\n",
       "      <td>0.612890</td>\n",
       "      <td>0.999952</td>\n",
       "      <td>0.593960</td>\n",
       "      <td>0.999798</td>\n",
       "      <td>0.596356</td>\n",
       "      <td>0.999660</td>\n",
       "      <td>0.607338</td>\n",
       "    </tr>\n",
       "    <tr>\n",
       "      <th>H2O336.std</th>\n",
       "      <td>0.599050</td>\n",
       "      <td>0.996585</td>\n",
       "      <td>0.596615</td>\n",
       "      <td>1.000000</td>\n",
       "      <td>0.603928</td>\n",
       "      <td>0.983439</td>\n",
       "      <td>0.594586</td>\n",
       "      <td>0.997995</td>\n",
       "      <td>0.592389</td>\n",
       "      <td>0.992683</td>\n",
       "      <td>0.601714</td>\n",
       "      <td>0.989477</td>\n",
       "    </tr>\n",
       "    <tr>\n",
       "      <th>H2O42.mean</th>\n",
       "      <td>0.999691</td>\n",
       "      <td>0.608362</td>\n",
       "      <td>0.999356</td>\n",
       "      <td>0.603928</td>\n",
       "      <td>1.000000</td>\n",
       "      <td>0.620622</td>\n",
       "      <td>0.999040</td>\n",
       "      <td>0.601331</td>\n",
       "      <td>0.998703</td>\n",
       "      <td>0.603605</td>\n",
       "      <td>0.999919</td>\n",
       "      <td>0.614857</td>\n",
       "    </tr>\n",
       "    <tr>\n",
       "      <th>H2O42.std</th>\n",
       "      <td>0.615604</td>\n",
       "      <td>0.992376</td>\n",
       "      <td>0.612890</td>\n",
       "      <td>0.983439</td>\n",
       "      <td>0.620622</td>\n",
       "      <td>1.000000</td>\n",
       "      <td>0.610749</td>\n",
       "      <td>0.975483</td>\n",
       "      <td>0.608581</td>\n",
       "      <td>0.967590</td>\n",
       "      <td>0.618433</td>\n",
       "      <td>0.997840</td>\n",
       "    </tr>\n",
       "    <tr>\n",
       "      <th>H2O504.mean</th>\n",
       "      <td>0.999744</td>\n",
       "      <td>0.599011</td>\n",
       "      <td>0.999952</td>\n",
       "      <td>0.594586</td>\n",
       "      <td>0.999040</td>\n",
       "      <td>0.610749</td>\n",
       "      <td>1.000000</td>\n",
       "      <td>0.591884</td>\n",
       "      <td>0.999906</td>\n",
       "      <td>0.594272</td>\n",
       "      <td>0.999409</td>\n",
       "      <td>0.605229</td>\n",
       "    </tr>\n",
       "    <tr>\n",
       "      <th>H2O504.std</th>\n",
       "      <td>0.596400</td>\n",
       "      <td>0.991031</td>\n",
       "      <td>0.593960</td>\n",
       "      <td>0.997995</td>\n",
       "      <td>0.601331</td>\n",
       "      <td>0.975483</td>\n",
       "      <td>0.591884</td>\n",
       "      <td>1.000000</td>\n",
       "      <td>0.589695</td>\n",
       "      <td>0.997141</td>\n",
       "      <td>0.599084</td>\n",
       "      <td>0.981874</td>\n",
       "    </tr>\n",
       "    <tr>\n",
       "      <th>H2O672.mean</th>\n",
       "      <td>0.999528</td>\n",
       "      <td>0.596905</td>\n",
       "      <td>0.999798</td>\n",
       "      <td>0.592389</td>\n",
       "      <td>0.998703</td>\n",
       "      <td>0.608581</td>\n",
       "      <td>0.999906</td>\n",
       "      <td>0.589695</td>\n",
       "      <td>1.000000</td>\n",
       "      <td>0.592413</td>\n",
       "      <td>0.999122</td>\n",
       "      <td>0.603057</td>\n",
       "    </tr>\n",
       "    <tr>\n",
       "      <th>H2O672.std</th>\n",
       "      <td>0.598783</td>\n",
       "      <td>0.984338</td>\n",
       "      <td>0.596356</td>\n",
       "      <td>0.992683</td>\n",
       "      <td>0.603605</td>\n",
       "      <td>0.967590</td>\n",
       "      <td>0.594272</td>\n",
       "      <td>0.997141</td>\n",
       "      <td>0.592413</td>\n",
       "      <td>1.000000</td>\n",
       "      <td>0.601387</td>\n",
       "      <td>0.974040</td>\n",
       "    </tr>\n",
       "    <tr>\n",
       "      <th>H2O84.mean</th>\n",
       "      <td>0.999895</td>\n",
       "      <td>0.606261</td>\n",
       "      <td>0.999660</td>\n",
       "      <td>0.601714</td>\n",
       "      <td>0.999919</td>\n",
       "      <td>0.618433</td>\n",
       "      <td>0.999409</td>\n",
       "      <td>0.599084</td>\n",
       "      <td>0.999122</td>\n",
       "      <td>0.601387</td>\n",
       "      <td>1.000000</td>\n",
       "      <td>0.612803</td>\n",
       "    </tr>\n",
       "    <tr>\n",
       "      <th>H2O84.std</th>\n",
       "      <td>0.610026</td>\n",
       "      <td>0.996883</td>\n",
       "      <td>0.607338</td>\n",
       "      <td>0.989477</td>\n",
       "      <td>0.614857</td>\n",
       "      <td>0.997840</td>\n",
       "      <td>0.605229</td>\n",
       "      <td>0.981874</td>\n",
       "      <td>0.603057</td>\n",
       "      <td>0.974040</td>\n",
       "      <td>0.612803</td>\n",
       "      <td>1.000000</td>\n",
       "    </tr>\n",
       "  </tbody>\n",
       "</table>\n",
       "</div>"
      ],
      "text/plain": [
       "             H2O168.mean  H2O168.std  H2O336.mean  H2O336.std  H2O42.mean  \\\n",
       "H2O168.mean     1.000000    0.603663     0.999905    0.599050    0.999691   \n",
       "H2O168.std      0.603663    1.000000     0.601079    0.996585    0.608362   \n",
       "H2O336.mean     0.999905    0.601079     1.000000    0.596615    0.999356   \n",
       "H2O336.std      0.599050    0.996585     0.596615    1.000000    0.603928   \n",
       "H2O42.mean      0.999691    0.608362     0.999356    0.603928    1.000000   \n",
       "H2O42.std       0.615604    0.992376     0.612890    0.983439    0.620622   \n",
       "H2O504.mean     0.999744    0.599011     0.999952    0.594586    0.999040   \n",
       "H2O504.std      0.596400    0.991031     0.593960    0.997995    0.601331   \n",
       "H2O672.mean     0.999528    0.596905     0.999798    0.592389    0.998703   \n",
       "H2O672.std      0.598783    0.984338     0.596356    0.992683    0.603605   \n",
       "H2O84.mean      0.999895    0.606261     0.999660    0.601714    0.999919   \n",
       "H2O84.std       0.610026    0.996883     0.607338    0.989477    0.614857   \n",
       "\n",
       "             H2O42.std  H2O504.mean  H2O504.std  H2O672.mean  H2O672.std  \\\n",
       "H2O168.mean   0.615604     0.999744    0.596400     0.999528    0.598783   \n",
       "H2O168.std    0.992376     0.599011    0.991031     0.596905    0.984338   \n",
       "H2O336.mean   0.612890     0.999952    0.593960     0.999798    0.596356   \n",
       "H2O336.std    0.983439     0.594586    0.997995     0.592389    0.992683   \n",
       "H2O42.mean    0.620622     0.999040    0.601331     0.998703    0.603605   \n",
       "H2O42.std     1.000000     0.610749    0.975483     0.608581    0.967590   \n",
       "H2O504.mean   0.610749     1.000000    0.591884     0.999906    0.594272   \n",
       "H2O504.std    0.975483     0.591884    1.000000     0.589695    0.997141   \n",
       "H2O672.mean   0.608581     0.999906    0.589695     1.000000    0.592413   \n",
       "H2O672.std    0.967590     0.594272    0.997141     0.592413    1.000000   \n",
       "H2O84.mean    0.618433     0.999409    0.599084     0.999122    0.601387   \n",
       "H2O84.std     0.997840     0.605229    0.981874     0.603057    0.974040   \n",
       "\n",
       "             H2O84.mean  H2O84.std  \n",
       "H2O168.mean    0.999895   0.610026  \n",
       "H2O168.std     0.606261   0.996883  \n",
       "H2O336.mean    0.999660   0.607338  \n",
       "H2O336.std     0.601714   0.989477  \n",
       "H2O42.mean     0.999919   0.614857  \n",
       "H2O42.std      0.618433   0.997840  \n",
       "H2O504.mean    0.999409   0.605229  \n",
       "H2O504.std     0.599084   0.981874  \n",
       "H2O672.mean    0.999122   0.603057  \n",
       "H2O672.std     0.601387   0.974040  \n",
       "H2O84.mean     1.000000   0.612803  \n",
       "H2O84.std      0.612803   1.000000  "
      ]
     },
     "execution_count": 103,
     "metadata": {},
     "output_type": "execute_result"
    }
   ],
   "source": [
    "H2O_corr = corr.loc[corr.index.str.startswith('H2O'),\\\n",
    "    corr.index.str.startswith('H2O')]\n",
    "\n",
    "H2O_corr"
   ]
  },
  {
   "cell_type": "code",
   "execution_count": 128,
   "metadata": {},
   "outputs": [
    {
     "name": "stdout",
     "output_type": "stream",
     "text": [
      "NOx168.std    0.692664\n",
      "NOx336.std    0.707935\n",
      "NOx42.std     0.557181\n",
      "NOx504.std    0.623268\n",
      "NOx672.std    0.729981\n",
      "NOx84.std     0.728246\n",
      "dtype: float64\n",
      "NOx168.std    0.472329\n",
      "NOx336.std    0.460817\n",
      "NOx42.std     0.375410\n",
      "NOx504.std    0.375410\n",
      "NOx672.std    0.485812\n",
      "NOx84.std     0.548716\n",
      "dtype: float64\n"
     ]
    },
    {
     "data": {
      "text/html": [
       "<div>\n",
       "<style scoped>\n",
       "    .dataframe tbody tr th:only-of-type {\n",
       "        vertical-align: middle;\n",
       "    }\n",
       "\n",
       "    .dataframe tbody tr th {\n",
       "        vertical-align: top;\n",
       "    }\n",
       "\n",
       "    .dataframe thead th {\n",
       "        text-align: right;\n",
       "    }\n",
       "</style>\n",
       "<table border=\"1\" class=\"dataframe\">\n",
       "  <thead>\n",
       "    <tr style=\"text-align: right;\">\n",
       "      <th></th>\n",
       "      <th>NOx168.std</th>\n",
       "      <th>NOx336.std</th>\n",
       "      <th>NOx42.std</th>\n",
       "      <th>NOx504.std</th>\n",
       "      <th>NOx672.std</th>\n",
       "      <th>NOx84.std</th>\n",
       "    </tr>\n",
       "  </thead>\n",
       "  <tbody>\n",
       "    <tr>\n",
       "      <th>NOx168.std</th>\n",
       "      <td>1.000000</td>\n",
       "      <td>0.696792</td>\n",
       "      <td>0.472329</td>\n",
       "      <td>0.543983</td>\n",
       "      <td>0.691710</td>\n",
       "      <td>0.751167</td>\n",
       "    </tr>\n",
       "    <tr>\n",
       "      <th>NOx336.std</th>\n",
       "      <td>0.696792</td>\n",
       "      <td>1.000000</td>\n",
       "      <td>0.460817</td>\n",
       "      <td>0.580096</td>\n",
       "      <td>0.771530</td>\n",
       "      <td>0.738374</td>\n",
       "    </tr>\n",
       "    <tr>\n",
       "      <th>NOx42.std</th>\n",
       "      <td>0.472329</td>\n",
       "      <td>0.460817</td>\n",
       "      <td>1.000000</td>\n",
       "      <td>0.375410</td>\n",
       "      <td>0.485812</td>\n",
       "      <td>0.548716</td>\n",
       "    </tr>\n",
       "    <tr>\n",
       "      <th>NOx504.std</th>\n",
       "      <td>0.543983</td>\n",
       "      <td>0.580096</td>\n",
       "      <td>0.375410</td>\n",
       "      <td>1.000000</td>\n",
       "      <td>0.669866</td>\n",
       "      <td>0.570255</td>\n",
       "    </tr>\n",
       "    <tr>\n",
       "      <th>NOx672.std</th>\n",
       "      <td>0.691710</td>\n",
       "      <td>0.771530</td>\n",
       "      <td>0.485812</td>\n",
       "      <td>0.669866</td>\n",
       "      <td>1.000000</td>\n",
       "      <td>0.760966</td>\n",
       "    </tr>\n",
       "    <tr>\n",
       "      <th>NOx84.std</th>\n",
       "      <td>0.751167</td>\n",
       "      <td>0.738374</td>\n",
       "      <td>0.548716</td>\n",
       "      <td>0.570255</td>\n",
       "      <td>0.760966</td>\n",
       "      <td>1.000000</td>\n",
       "    </tr>\n",
       "  </tbody>\n",
       "</table>\n",
       "</div>"
      ],
      "text/plain": [
       "            NOx168.std  NOx336.std  ...  NOx672.std  NOx84.std\n",
       "NOx168.std    1.000000    0.696792  ...    0.691710   0.751167\n",
       "NOx336.std    0.696792    1.000000  ...    0.771530   0.738374\n",
       "NOx42.std     0.472329    0.460817  ...    0.485812   0.548716\n",
       "NOx504.std    0.543983    0.580096  ...    0.669866   0.570255\n",
       "NOx672.std    0.691710    0.771530  ...    1.000000   0.760966\n",
       "NOx84.std     0.751167    0.738374  ...    0.760966   1.000000\n",
       "\n",
       "[6 rows x 6 columns]"
      ]
     },
     "execution_count": 128,
     "metadata": {},
     "output_type": "execute_result"
    }
   ],
   "source": [
    "NOx_std_corr = corr.loc[corr.index.str.startswith('NOx')&corr.index.str.endswith('std'),\\\n",
    "    corr.columns.str.startswith('NOx')&corr.columns.str.endswith('std')]\n",
    "\n",
    "print(NOx_std_corr.mean(axis=1))\n",
    "print(NOx_std_corr.min(axis=1))\n",
    "NOx_std_corr"
   ]
  },
  {
   "cell_type": "code",
   "execution_count": 117,
   "metadata": {},
   "outputs": [
    {
     "name": "stdout",
     "output_type": "stream",
     "text": [
      "NOx168.mean    0.751322\n",
      "NOx168.std     0.592299\n",
      "NOx336.mean    0.746646\n",
      "NOx336.std     0.625008\n",
      "NOx42.mean     0.752006\n",
      "NOx42.std      0.457588\n",
      "NOx504.mean    0.741893\n",
      "NOx504.std     0.523332\n",
      "NOx672.mean    0.736834\n",
      "NOx672.std     0.666940\n",
      "NOx84.mean     0.749943\n",
      "NOx84.std      0.642632\n",
      "dtype: float64\n",
      "NOx168.mean    0.357813\n",
      "NOx168.std     0.472329\n",
      "NOx336.mean    0.350395\n",
      "NOx336.std     0.460817\n",
      "NOx42.mean     0.394673\n",
      "NOx42.std      0.342085\n",
      "NOx504.mean    0.345302\n",
      "NOx504.std     0.375410\n",
      "NOx672.mean    0.342085\n",
      "NOx672.std     0.485812\n",
      "NOx84.mean     0.357707\n",
      "NOx84.std      0.539281\n",
      "dtype: float64\n"
     ]
    },
    {
     "data": {
      "text/html": [
       "<div>\n",
       "<style scoped>\n",
       "    .dataframe tbody tr th:only-of-type {\n",
       "        vertical-align: middle;\n",
       "    }\n",
       "\n",
       "    .dataframe tbody tr th {\n",
       "        vertical-align: top;\n",
       "    }\n",
       "\n",
       "    .dataframe thead th {\n",
       "        text-align: right;\n",
       "    }\n",
       "</style>\n",
       "<table border=\"1\" class=\"dataframe\">\n",
       "  <thead>\n",
       "    <tr style=\"text-align: right;\">\n",
       "      <th></th>\n",
       "      <th>NOx168.mean</th>\n",
       "      <th>NOx168.std</th>\n",
       "      <th>NOx336.mean</th>\n",
       "      <th>NOx336.std</th>\n",
       "      <th>NOx42.mean</th>\n",
       "      <th>NOx42.std</th>\n",
       "      <th>NOx504.mean</th>\n",
       "      <th>NOx504.std</th>\n",
       "      <th>NOx672.mean</th>\n",
       "      <th>NOx672.std</th>\n",
       "      <th>NOx84.mean</th>\n",
       "      <th>NOx84.std</th>\n",
       "    </tr>\n",
       "  </thead>\n",
       "  <tbody>\n",
       "    <tr>\n",
       "      <th>NOx168.mean</th>\n",
       "      <td>1.000000</td>\n",
       "      <td>0.511429</td>\n",
       "      <td>0.999055</td>\n",
       "      <td>0.551795</td>\n",
       "      <td>0.997023</td>\n",
       "      <td>0.357813</td>\n",
       "      <td>0.996307</td>\n",
       "      <td>0.427331</td>\n",
       "      <td>0.994399</td>\n",
       "      <td>0.614217</td>\n",
       "      <td>0.999178</td>\n",
       "      <td>0.567315</td>\n",
       "    </tr>\n",
       "    <tr>\n",
       "      <th>NOx168.std</th>\n",
       "      <td>0.511429</td>\n",
       "      <td>1.000000</td>\n",
       "      <td>0.493290</td>\n",
       "      <td>0.696792</td>\n",
       "      <td>0.492928</td>\n",
       "      <td>0.472329</td>\n",
       "      <td>0.483183</td>\n",
       "      <td>0.543983</td>\n",
       "      <td>0.474592</td>\n",
       "      <td>0.691710</td>\n",
       "      <td>0.496190</td>\n",
       "      <td>0.751167</td>\n",
       "    </tr>\n",
       "    <tr>\n",
       "      <th>NOx336.mean</th>\n",
       "      <td>0.999055</td>\n",
       "      <td>0.493290</td>\n",
       "      <td>1.000000</td>\n",
       "      <td>0.550133</td>\n",
       "      <td>0.995616</td>\n",
       "      <td>0.350395</td>\n",
       "      <td>0.998353</td>\n",
       "      <td>0.420496</td>\n",
       "      <td>0.997048</td>\n",
       "      <td>0.601055</td>\n",
       "      <td>0.998033</td>\n",
       "      <td>0.556285</td>\n",
       "    </tr>\n",
       "    <tr>\n",
       "      <th>NOx336.std</th>\n",
       "      <td>0.551795</td>\n",
       "      <td>0.696792</td>\n",
       "      <td>0.550133</td>\n",
       "      <td>1.000000</td>\n",
       "      <td>0.547453</td>\n",
       "      <td>0.460817</td>\n",
       "      <td>0.531359</td>\n",
       "      <td>0.580096</td>\n",
       "      <td>0.524095</td>\n",
       "      <td>0.771530</td>\n",
       "      <td>0.547654</td>\n",
       "      <td>0.738374</td>\n",
       "    </tr>\n",
       "    <tr>\n",
       "      <th>NOx42.mean</th>\n",
       "      <td>0.997023</td>\n",
       "      <td>0.492928</td>\n",
       "      <td>0.995616</td>\n",
       "      <td>0.547453</td>\n",
       "      <td>1.000000</td>\n",
       "      <td>0.394673</td>\n",
       "      <td>0.992292</td>\n",
       "      <td>0.427833</td>\n",
       "      <td>0.990452</td>\n",
       "      <td>0.623668</td>\n",
       "      <td>0.998196</td>\n",
       "      <td>0.563942</td>\n",
       "    </tr>\n",
       "    <tr>\n",
       "      <th>NOx42.std</th>\n",
       "      <td>0.357813</td>\n",
       "      <td>0.472329</td>\n",
       "      <td>0.350395</td>\n",
       "      <td>0.460817</td>\n",
       "      <td>0.394673</td>\n",
       "      <td>1.000000</td>\n",
       "      <td>0.345302</td>\n",
       "      <td>0.375410</td>\n",
       "      <td>0.342085</td>\n",
       "      <td>0.485812</td>\n",
       "      <td>0.357707</td>\n",
       "      <td>0.548716</td>\n",
       "    </tr>\n",
       "    <tr>\n",
       "      <th>NOx504.mean</th>\n",
       "      <td>0.996307</td>\n",
       "      <td>0.483183</td>\n",
       "      <td>0.998353</td>\n",
       "      <td>0.531359</td>\n",
       "      <td>0.992292</td>\n",
       "      <td>0.345302</td>\n",
       "      <td>1.000000</td>\n",
       "      <td>0.430848</td>\n",
       "      <td>0.999058</td>\n",
       "      <td>0.585750</td>\n",
       "      <td>0.994847</td>\n",
       "      <td>0.545418</td>\n",
       "    </tr>\n",
       "    <tr>\n",
       "      <th>NOx504.std</th>\n",
       "      <td>0.427331</td>\n",
       "      <td>0.543983</td>\n",
       "      <td>0.420496</td>\n",
       "      <td>0.580096</td>\n",
       "      <td>0.427833</td>\n",
       "      <td>0.375410</td>\n",
       "      <td>0.430848</td>\n",
       "      <td>1.000000</td>\n",
       "      <td>0.408427</td>\n",
       "      <td>0.669866</td>\n",
       "      <td>0.425433</td>\n",
       "      <td>0.570255</td>\n",
       "    </tr>\n",
       "    <tr>\n",
       "      <th>NOx672.mean</th>\n",
       "      <td>0.994399</td>\n",
       "      <td>0.474592</td>\n",
       "      <td>0.997048</td>\n",
       "      <td>0.524095</td>\n",
       "      <td>0.990452</td>\n",
       "      <td>0.342085</td>\n",
       "      <td>0.999058</td>\n",
       "      <td>0.408427</td>\n",
       "      <td>1.000000</td>\n",
       "      <td>0.579535</td>\n",
       "      <td>0.993033</td>\n",
       "      <td>0.539281</td>\n",
       "    </tr>\n",
       "    <tr>\n",
       "      <th>NOx672.std</th>\n",
       "      <td>0.614217</td>\n",
       "      <td>0.691710</td>\n",
       "      <td>0.601055</td>\n",
       "      <td>0.771530</td>\n",
       "      <td>0.623668</td>\n",
       "      <td>0.485812</td>\n",
       "      <td>0.585750</td>\n",
       "      <td>0.669866</td>\n",
       "      <td>0.579535</td>\n",
       "      <td>1.000000</td>\n",
       "      <td>0.619172</td>\n",
       "      <td>0.760966</td>\n",
       "    </tr>\n",
       "    <tr>\n",
       "      <th>NOx84.mean</th>\n",
       "      <td>0.999178</td>\n",
       "      <td>0.496190</td>\n",
       "      <td>0.998033</td>\n",
       "      <td>0.547654</td>\n",
       "      <td>0.998196</td>\n",
       "      <td>0.357707</td>\n",
       "      <td>0.994847</td>\n",
       "      <td>0.425433</td>\n",
       "      <td>0.993033</td>\n",
       "      <td>0.619172</td>\n",
       "      <td>1.000000</td>\n",
       "      <td>0.569866</td>\n",
       "    </tr>\n",
       "    <tr>\n",
       "      <th>NOx84.std</th>\n",
       "      <td>0.567315</td>\n",
       "      <td>0.751167</td>\n",
       "      <td>0.556285</td>\n",
       "      <td>0.738374</td>\n",
       "      <td>0.563942</td>\n",
       "      <td>0.548716</td>\n",
       "      <td>0.545418</td>\n",
       "      <td>0.570255</td>\n",
       "      <td>0.539281</td>\n",
       "      <td>0.760966</td>\n",
       "      <td>0.569866</td>\n",
       "      <td>1.000000</td>\n",
       "    </tr>\n",
       "  </tbody>\n",
       "</table>\n",
       "</div>"
      ],
      "text/plain": [
       "             NOx168.mean  NOx168.std  NOx336.mean  NOx336.std  NOx42.mean  \\\n",
       "NOx168.mean     1.000000    0.511429     0.999055    0.551795    0.997023   \n",
       "NOx168.std      0.511429    1.000000     0.493290    0.696792    0.492928   \n",
       "NOx336.mean     0.999055    0.493290     1.000000    0.550133    0.995616   \n",
       "NOx336.std      0.551795    0.696792     0.550133    1.000000    0.547453   \n",
       "NOx42.mean      0.997023    0.492928     0.995616    0.547453    1.000000   \n",
       "NOx42.std       0.357813    0.472329     0.350395    0.460817    0.394673   \n",
